10,1,answer_id_un,回答ID_未使用,,6,1,0,1,1,,0,0,,1
10,2,answer_date,回答日時,,5,19,0,1,1,,0,0,,1
10,3,updt_date_un,更新日時_未使用,,5,19,0,1,1,,0,0,,1
10,4,id_un,ID_未使用,,5,10,0,1,1,,0,0,,1
10,5,password_un,パスワード_未使用,,5,10,0,1,1,,0,0,,1
10,6,bank_code_un,金融機関コード_未使用,,5,4,0,1,1,,0,0,,1
10,7,name_kanji_un,漢字氏名_未使用,,11,60,0,1,1,,0,0,,1
10,8,name_kana_un,カナ氏名_未使用,,11,48,0,1,1,,0,0,,1
10,9,zipcode_un,郵便番号_未使用,,5,8,0,1,1,,0,0,,1
10,10,address_un,住所_未使用,,11,196,0,1,1,,0,0,,1
10,11,nation_un,国籍_未使用,,1,27,0,1,1,,0,0,,1
10,12,visa_un,在留資格_未使用,,11,30,0,1,1,,0,0,,1
10,13,visa_limit_un,在留期限_未使用,,11,20,0,1,1,,0,0,,1
10,14,ctrl_num,管理番号,,5,15,1,0,1,,0,0,,1
10,15,ans_date_ex_un,回答日時_連携_未使用,,5,19,0,1,1,,0,0,,1
10,16,data_id_un,データID_未使用,,5,50,0,1,1,,0,0,,1
10,17,reg_date_un,登録日時_未使用,,5,19,0,1,1,,0,0,,1
10,18,upd_date2_un,更新日時_未使用,,5,19,0,1,1,,0,0,,1
10,19,referer_un,リンク元_未使用,,11,50,0,1,1,,0,0,,1
10,20,ipaddr_un,IPアドレス_未使用,,11,50,0,1,1,,0,0,,1
10,21,browser_un,ブラウザ_未使用,,11,50,0,1,1,,0,0,,1
10,22,reg_path_un,登録経路_未使用,,11,50,0,1,1,,0,0,,1
10,23,form_id_un,フォームID_未使用,,11,50,0,1,1,,0,0,,1
10,24,agree_pi_un,個人情報利用規約同意_隠し項目_未使用,,11,50,0,1,1,,0,0,,1
10,25,namechg_flg,名前の変更の有無,,6,1,0,0,1,,0,0,,1
10,26,lname_kanji,氏名漢字_姓,,1,30,0,1,1,,0,0,,1
10,27,fname_kanji,氏名漢字_名,,1,30,0,1,1,,0,0,,1
10,28,lname_kana,氏名カナ_姓,,5,48,0,1,1,,0,0,,1
10,29,fname_kana,氏名カナ_名,,5,48,0,1,1,,0,0,,1
10,30,addrchg_flg,住所変更の有無,,6,1,0,0,1,,0,0,,1
10,31,zipcode,郵便番号,,5,8,0,1,1,,0,0,,1
10,32,pref,都道府県,,5,2,0,1,1,,0,0,,1
10,33,city,市区町村,,1,64,0,1,1,,0,0,,1
10,34,addr_num,町名番地,,1,64,0,1,1,,0,0,,1
10,35,bldg_name,ビル建物名,,1,64,0,1,1,,0,0,,1
10,36,pref_kana,都道府県_カタカナ,,1,64,0,1,1,,0,0,,1
10,37,city_kana,市区町村_カタカナ,,1,64,0,1,1,,0,0,,1
10,38,addrnum_kan,町名番地_カタカナ,,1,64,0,1,1,,0,0,,1
10,39,bldgkana_nm,ビル建物名_カタカナ,,1,64,0,1,1,,0,0,,1
10,40,tel_regist,登録する電話番号,,5,1,0,1,1,,0,0,,1
10,41,tel_fixed,固定電話番号,,5,13,0,1,1,,0,0,,1
10,42,tel_mobile,携帯電話番号,,5,13,0,1,1,,0,0,,1
10,43,email,メールアドレス,,5,200,0,1,1,,0,0,,1
10,44,nationchg_flg,国籍変更の有無,,6,1,0,0,1,,0,0,,1
10,45,nation,国籍,,6,2,0,1,1,,0,0,,1
10,46,region,国地域,,6,2,0,1,1,,0,0,,1
10,47,nation_asia,国籍_アジア,,6,2,0,1,1,,0,0,,1
10,48,nation_mide,国籍_中近東,,6,2,0,1,1,,0,0,,1
10,49,nation_weur,国籍_西欧,,6,2,0,1,1,,0,0,,1
10,50,nation_eeur,国籍_東欧,,6,2,0,1,1,,0,0,,1
10,51,nation_nam,国籍_北米,,6,2,0,1,1,,0,0,,1
10,52,nation_cari,国籍_カリブ海諸国,,6,2,0,1,1,,0,0,,1
10,53,nation_latm,国籍_ラテンアメリカ,,6,2,0,1,1,,0,0,,1
10,54,nation_afrc,国籍_アフリカ,,6,2,0,1,1,,0,0,,1
10,55,nation_oce,国籍_大洋州,,6,2,0,1,1,,0,0,,1
10,56,nation_othr,国籍_その他,,6,2,0,1,1,,0,0,,1
10,57,name_alpha,アルファベット氏名,,11,100,0,1,1,,0,0,,1
10,58,visa,在留資格,,6,3,0,1,1,,0,0,,1
10,59,visa_limit,在留期限,,5,10,0,1,1,,0,0,,1
10,60,pep_flag,外国PEPs,,6,1,0,1,1,,0,0,,1
10,61,job,ご職業,,6,3,0,1,1,,0,0,,1
10,62,job_other,ご職業_その他職業テキスト,,1,50,0,1,1,,0,0,,1
10,63,work_or_sch,お勤め先名_または学校名,,1,50,0,1,1,,0,0,,1
10,64,worksch_kan,お勤め先名_または学校名カナ,,5,100,0,1,1,,0,0,,1
10,65,work_tel,お勤め先電話番号,,5,13,0,1,1,,0,0,,1
10,66,industry,業種,,6,6,0,1,1,,0,0,,1
10,67,indus_othr,業種_その他テキスト,,1,50,0,1,1,,0,0,,1
10,68,sidejob_flg,副業の有無,,6,1,0,0,1,,0,0,,1
10,69,sidejob_typ,副業の業種,,6,6,0,1,1,,0,0,,1
10,70,sideothr_tx,副業の業種_その他テキスト,,1,50,0,1,1,,0,0,,1
10,71,tx_purpose1,取引目的_生活費決済,,6,3,0,1,1,,0,0,,1
10,72,tx_purpose2,取引目的_事業費決済,,6,3,0,1,1,,0,0,,1
10,73,tx_purpose3,取引目的_給与_年金受取,,6,3,0,1,1,,0,0,,1
10,74,tx_purpose4,取引目的_貯蓄_資産運用,,6,3,0,1,1,,0,0,,1
10,75,tx_purpose5,取引目的_融資,,6,3,0,1,1,,0,0,,1
10,76,tx_purpose6,取引目的_その他,,5,4,0,1,1,,0,0,,1
10,77,tx_othr_txt,取引目的_その他テキスト,,1,50,0,1,1,,0,0,,1
10,78,tx_type,取引形態,,6,1,0,1,1,,0,0,,1
10,79,tx_freq,取引頻度,,6,1,0,1,1,,0,0,,1
10,80,tx_amt_once,1回あたりの取引金額,,6,1,0,1,1,,0,0,,1
10,81,tx_over2m_f,200万円超取引の有無,,6,1,0,0,1,,0,0,,1
10,82,tx_over2mfrq,200万円超現金取引の頻度,,6,1,0,1,1,,0,0,,1
10,83,tx_over2mam,200万円超現金取引の金額,,6,1,0,1,1,,0,0,,1
10,84,src_salary,200万円超現金取引の原資_給与_退職金,,6,2,0,1,1,,0,0,,1
10,85,src_pension,200万円超現金取引の原資_年金_社会保険_公的扶助,,6,2,0,1,1,,0,0,,1
10,86,src_insur,200万円超現金取引の原資_保険_民間,,6,2,0,1,1,,0,0,,1
10,87,src_exec,200万円超現金取引の原資_役員報酬,,6,2,0,1,1,,0,0,,1
10,88,src_bizin,200万円超現金取引の原資_事業収入,,6,2,0,1,1,,0,0,,1
10,89,src_inheri,200万円超現金取引の原資_相続_贈与,,6,2,0,1,1,,0,0,,1
10,90,src_invincm,200万円超現金取引の原資_配当_利子_資産運用益_不動産収入,,6,2,0,1,1,,0,0,,1
10,91,src_saving,200万円超現金取引の原資_貯蓄,,6,2,0,1,1,,0,0,,1
10,92,src_otherbk,200万円超現金取引の原資_他の金融機関口座から引き出した現金,,6,2,0,1,1,,0,0,,1
10,93,src_home,200万円超現金取引の原資_自宅保管現金,,6,2,0,1,1,,0,0,,1
10,94,src_loan,200万円超現金取引の原資_借入金,,6,2,0,1,1,,0,0,,1
10,95,src_other,200万円超現金取引の原資_それ以外,,5,4,0,1,1,,0,0,,1
10,96,src_oth_txt,200万円超現金取引の原資_それ以外テキスト,,1,50,0,1,1,,0,0,,1
10,97,browser2_un,ブラウザ_未使用,,5,50,0,1,1,,0,0,,1
10,98,ipaddr2_un,IPアドレス_未使用,,5,50,0,1,1,,0,0,,1
10,99,referer2_un,リンク元_未使用,,5,50,0,1,1,,0,0,,1
10,100,emailtask_un,e-mailタスクID_未使用,,11,50,0,1,1,,0,0,,1
10,101,dbresult_un,DB連携結果_ろうきんお取引目的確認フォーム値戻し_未使用,,1,50,0,1,1,,0,0,,1
